20
30 618075473 576118051 124596848 307880864 180912305
30 863414677 814207301 850805110 325123827 5274790
30 890443327 18129949 38047522 286378540 725141866
30 1018774711 215202833 758118700 307347057 147922740
30 846957077 285087521 469920508 831931503 805339748
30 865086181 294693593 339003747 524765803 230266245
30 641622061 84671623 115210339 476890227 562430388
30 1066230169 142642627 1048857844 404296850 151115061
30 779732587 184050337 428545257 624084627 497928839
30 788820931 152810237 545395896 169087109 298070132
30 963421241 364463381 81427404 912623425 3385087
30 621242681 123124811 360563164 54073382 220215749
30 808411913 45651169 467786181 253598528 523231097
30 777511333 14734679 436556669 716756990 590405037
30 732943817 566902543 654888585 232585087 230540806
30 818480867 441096169 589425531 525670389 754988529
30 817194713 244895809 630666478 100859290 525491148
30 791083109 134622113 114850250 336670863 702225942
30 670215451 133392757 658916171 137562933 458894544
30 673951529 539774329 522544331 656687414 543772497
